0 251
1 217
2 245
3 170
4 130
5 239
6 5
7 2
8 329
9 173
10 258
11 296
12 352
13 67
14 331
15 244
16 239
17 19
18 134
19 46
20 26
21 279
22 129
23 3
24 336
25 347
26 159
27 180
28 57
29 164
30 262
31 101
32 3
33 349
34 138
35 104
36 12
37 293
38 155
39 125
40 345
41 212
42 100
43 68
44 16
45 249
46 115
47 343
48 247
49 102
50 20
51 313
52 38
53 43
54 34
55 264
56 268
57 126
58 280
59 88
60 254
61 48
62 348
63 138
64 331
65 181
66 224
67 330
68 74
69 171
70 249
71 235
72 134
73 112
74 220
75 350
76 347
77 47
78 152
79 331
80 99
81 333
82 329
83 282
84 173
85 181
86 243
87 73
88 159
89 43
90 9
91 251
92 82
93 65
94 139
95 55
96 261
97 101
98 131
99 140
100 85
101 22
102 245
103 344
104 99
105 277
106 252
107 67
108 205
109 274
110 235
111 163
112 60
113 157
114 183
115 286
116 327
117 92
118 264
119 236
120 71
121 26
122 165
123 247
124 289
125 166
126 315
127 53
128 237
129 49
130 205
131 346
132 5
133 317
134 150
135 285
136 106
137 82
138 116
139 72
140 192
141 54
142 322
143 5
144 223
145 338
146 151
147 127
148 32
149 55
150 55
151 72
152 135
153 202
154 252
155 342
156 259
157 248
158 38
159 14
160 167
161 348
162 179
163 205
164 137
165 146
166 157
167 203
168 194
169 236
170 238
171 111
172 173
173 44
174 134
175 27
176 324
177 53
178 19
179 88
180 125
181 21
182 295
183 303
184 70
185 176
186 47
187 121
188 51
189 212
190 173
191 112
192 349
193 3
194 242
195 312
196 84
197 191
198 299
199 87
200 46
201 225
202 280
203 12
204 187
205 113
206 273
207 359
208 10
209 245
210 277
211 109
212 157
213 96
214 167
215 142
216 357
217 104
218 68
219 183
220 186
221 60
222 306
223 191
224 355
225 274
226 275
227 277
228 76
229 99
230 193
231 232
232 335
233 65
234 86
235 24
236 281
237 211
238 85
239 307
240 224
241 97
242 7
243 228
244 115
245 183
246 24
247 123
248 138
249 79
250 202
251 173
252 201
253 178
254 289
255 62
256 135
257 309
258 343
259 46
260 330
261 350
262 34
263 280
264 142
265 157
266 55
267 243
268 109
269 300
270 225
271 200
272 17
273 333
274 176
275 281
276 81
277 306
278 329
279 196
280 273
281 236
282 138
283 282
284 255
285 317
286 227
287 1
288 135
289 125
290 41
291 175
292 237
293 301
294 120
295 337
296 57
297 10
298 262
299 100
300 50
301 303
302 349
303 272
304 281
305 148
306 322
307 166
308 22
309 229
310 344
311 183
312 76
313 161
314 238
315 340
316 256
317 351
318 137
319 311
320 148
321 17
322 142
323 34
324 229
325 65
326 136
327 265
328 299
329 267
330 253
331 79
332 355
333 227
334 279
335 289
336 310
337 204
338 289
339 254
340 155
341 264
342 189
343 165
344 128
345 52
346 108
347 76
348 278
349 351
350 149
351 215
352 263
353 133
354 114
355 329
356 154
357 198
358 167
359 51
360 62
361 87
362 217
363 355
364 261
365 272
366 14
367 261
368 352
369 230
370 183
371 303
372 119
373 43
374 197
375 36
376 44
377 90
378 241
379 135
380 349
381 193
382 168
383 219
384 307
385 335
386 103
387 12
388 27
389 124
390 255
391 270
392 68
393 226
394 109
395 24
396 112
397 110
398 94
399 56
400 300
401 305
402 1
403 334
404 338
405 149
406 172
407 212
408 206
409 32
410 207
411 174
412 177
413 152
414 296
415 12
416 165
417 251
418 199
419 20
420 218
421 234
422 64
423 312
424 43
425 118
426 132
427 320
428 200
429 252
430 79
431 122
432 289
433 227
434 183
435 344
436 149
437 24
438 147
439 264
440 138
441 221
442 307
443 157
444 12
445 177
446 345
447 260
448 48
449 152
450 49
451 159
452 172
453 232
454 21
455 293
456 338
457 351
458 91
459 261
460 358
461 175
462 19
463 89
464 152
465 278
466 150
467 134
468 324
469 4
470 19
471 100
472 305
473 55
474 102
475 49
476 315
477 75
478 280
479 304
480 305
481 171
482 254
483 290
484 45
485 316
486 314
487 230
488 116
489 223
490 275
491 292
492 216
493 61
494 34
495 56
496 68
497 61
498 15
499 181
500 200
501 54
502 120
503 104
504 50
505 230
506 333
507 160
508 163
509 138
510 359
511 206
512 96
513 145
514 171
515 141
516 313
517 42
518 270
519 13
520 243
521 119
522 95
523 70
524 34
525 111
526 209
527 356
528 323
529 308
530 192
531 337
532 21
533 302
534 205
535 320
536 327
537 152
538 10
539 211
540 187
541 261
542 164
543 44
544 127
545 40
546 162
547 5
548 332
549 333
550 324
551 325
552 310
553 226
554 8
555 271
556 54
557 71
558 17
559 162
560 303
561 192
562 300
563 177
564 319
565 250
566 344
567 252
568 30
569 322
570 47
571 262
572 117
573 17
574 317
575 59
576 234
577 267
578 354
579 102
580 101
581 224
582 261
583 315
584 288
585 250
586 208
587 236
588 68
589 36
590 201
591 60
592 128
593 315
594 254
595 115
596 86
597 184
598 186
599 108
600 323
601 273
602 220
603 359
604 280
605 322
606 209
607 342
608 334
609 219
610 356
611 137
612 109
613 49
614 140
615 23
616 276
617 355
618 291
619 226
620 264
621 179
622 48
623 131
624 9
625 258
626 174
627 306
628 74
629 140
630 109
631 32
632 102
633 125
634 274
635 180
636 346
637 108
638 263
639 338
640 79
641 289
642 142
643 345
644 125
645 227
646 230
647 191
648 89
649 143
650 57
651 206
652 87
653 59
654 255
655 61
656 23
657 98
658 192
659 278
660 338
661 173
662 296
663 51
664 208
665 312
666 347
667 208
668 124
669 254
670 165
671 236
672 66
673 13
674 225
675 111
676 271
677 271
678 187
679 126
680 316
681 301
682 146
683 323
684 129
685 235
686 307
687 98
688 239
689 356
690 196
691 337
692 215
693 20
694 51
695 68
696 309
697 288
698 140
699 108
700 132
701 309
702 255
703 118
704 60
705 345
706 18
707 201
708 245
709 345
710 8
711 248
712 111
713 334
714 156
715 251
716 338
717 185
718 303
719 247
720 225
721 320
722 45
723 237
724 14
725 126
726 301
727 360
728 28
729 275
730 139
731 252
732 297
733 342
734 114
735 163
736 211
737 135
738 257
739 164
740 51
741 7
742 259
743 154
744 256
745 105
746 323
747 76
748 98
749 326
750 43
751 104
752 141
753 323
754 343
755 183
756 96
757 329
758 40
759 66
760 215
761 199
762 327
763 23
764 195
765 198
766 208
767 318
768 253
769 278
770 348
771 293
772 191
773 105
774 151
775 249
776 133
777 112
778 350
779 264
780 173
781 66
782 342
783 195
784 115
785 333
786 20
787 259
788 115
789 213
790 149
791 287
792 329
793 132
794 2
795 18
796 320
797 222
798 82
799 330
800 108
801 16
802 329
803 223
804 110
805 97
806 237
807 135
808 287
809 123
810 263
811 106
812 157
813 146
814 336
815 347
816 330
817 46
818 22
819 339
820 22
821 261
822 164
823 196
824 354
825 103
826 357
827 264
828 123
829 331
830 159
831 275
832 251
833 336
834 100
835 275
836 292
837 39
838 95
839 206
840 144
841 74
842 199
843 75
844 46
845 314
846 258
847 339
848 21
849 70
850 184
851 13
852 319
853 73
854 187
855 174
856 358
857 44
858 138
859 265
860 289
861 121
862 49
863 236
864 70
865 341
866 47
867 178
868 355
869 90
870 208
871 24
872 181
873 186
874 236
875 77
876 111
877 302
878 2
879 240
880 346
881 118
882 334
883 268
884 214
885 216
886 166
887 288
888 70
889 143
890 17
891 67
892 101
893 240
894 34
895 124
896 98
897 159
898 134
899 360
900 3
901 349
902 236
903 249
904 104
905 207
906 18
907 291
908 79
909 232
910 98
911 205
912 288
913 336
914 198
915 261
916 76
917 188
918 55
919 83
920 353
921 127
922 241
923 301
924 286
925 45
926 261
927 83
928 202
929 39
930 345
931 120
932 87
933 32
934 95
935 2
936 289
937 253
938 167
939 350
940 254
941 333
942 135
943 74
944 65
945 266
946 281
947 109
948 46
949 160
950 201
951 291
952 218
953 104
954 348
955 317
956 206
957 290
958 127
959 334
960 80
961 319
962 42
963 255
964 12
965 352
966 159
967 260
968 207
969 327
970 74
971 221
972 41
973 325
974 321
975 337
976 236
977 131
978 7
979 254
980 146
981 158
982 245
983 137
984 236
985 141
986 35
987 70
988 183
989 235
990 338
991 119
992 349
993 61
994 174
995 67
996 273
997 252
998 351
999 64